»’∆⁄  ÷ ¡øµ»º∂  AQI÷∏ ˝  µ±ÃÏAQI≈≈√˚  PM2.5  PM10  So2  No2  Co  O3
2018-10-01  ¡º 58  257 17 58 7 38 0.50 71
2018-10-02  ¡º 66  272 23 70 7 58 0.56 56
2018-10-03  ¡º 77  308 33 74 9 56 0.56 81
2018-10-04  ¡º 66  193 27 57 8 34 0.51 102
2018-10-05  ¡º 71  226 32 61 7 23 0.48 116
2018-10-06  ¡º 70  219 32 67 9 45 0.64 100
2018-10-07  ¡º 89  288 52 102 9 58 0.78 99
2018-10-08  ¡º 68  209 37 80 7 30 0.60 92
2018-10-09  ¡º 77  296 52 88 8 38 0.71 76
2018-10-10  ¡º 51  200 19 54 6 26 0.45 55
2018-10-11  ¡º 54  217 21 58 8 47 0.48 54
2018-10-12  ¡º 64  235 32 74 8 49 0.50 70
2018-10-13  ¡º 57  153 28 61 6 39 0.49 73
2018-10-14  ¡º 55  183 29 59 6 35 0.48 62
2018-10-15  ”≈ 50  191 28 50 5 36 0.45 57
2018-10-16  ¡º 64  253 43 64 5 45 0.62 62
2018-10-17  ¡º 73  273 50 79 7 49 0.71 67
2018-10-18  ”≈ 40  92 11 33 5 28 0.36 71
2018-10-19  ”≈ 46  127 15 46 6 44 0.40 52
2018-10-20  ¡º 51  175 23 54 7 46 0.47 46
2018-10-21  ¡º 52  170 25 55 7 40 0.51 55
2018-10-22  ”≈ 47  131 30 44 4 35 0.50 49
2018-10-23  ¡º 66  241 46 76 6 51 0.74 50
2018-10-24  «·∂»Œ€»æ 110  341 82 121 7 54 0.81 86
2018-10-25  ¡º 79  274 57 88 6 41 0.68 56
2018-10-26  ¡º 75  301 43 85 5 30 0.62 57
2018-10-27  ¡º 79  334 30 107 8 56 0.62 34
2018-10-28  ¡º 68  261 26 82 10 53 0.60 51
2018-10-29  ¡º 74  321 35 96 12 59 0.60 48
2018-10-30  ¡º 69  251 35 87 10 57 0.60 46
2018-10-31  ¡º 56  134 23 62 8 44 0.48 62
