日期  质量等级  AQI指数  当天AQI排名  PM2.5  PM10  So2  No2  Co  O3
2018-10-01  优 30  34 9 27 7 18 0.50 47
2018-10-02  优 36  48 15 35 8 28 0.55 41
2018-10-03  良 57  139 27 66 8 40 0.75 29
2018-10-04  良 57  131 24 64 9 42 0.67 49
2018-10-05  良 56  126 26 60 10 43 0.75 67
2018-10-06  优 46  78 18 47 8 31 0.60 45
2018-10-07  优 42  74 8 42 6 21 0.47 40
2018-10-08  优 29  27 9 28 6 20 0.49 32
2018-10-09  优 34  61 11 34 6 26 0.56 25
2018-10-10  优 37  94 13 36 6 27 0.44 25
2018-10-11  优 29  31 10 28 7 25 0.42 29
2018-10-12  优 42  67 14 42 7 32 0.45 38
2018-10-13  良 54  131 27 55 11 32 0.62 64
2018-10-14  优 39  68 20 38 7 24 0.50 51
2018-10-15  优 29  57 10 28 7 24 0.44 28
2018-10-16  优 29  56 12 29 8 25 0.52 25
2018-10-17  优 46  151 18 46 12 38 0.61 22
2018-10-18  良 51  193 22 55 11 44 0.68 31
2018-10-19  良 58  249 27 64 13 47 0.59 35
2018-10-20  良 72  287 42 89 15 57 0.85 40
2018-10-21  良 83  291 59 106 19 64 1.04 47
2018-10-22  良 71  248 49 87 18 43 0.83 78
2018-10-23  优 49  151 23 48 9 30 0.62 49
2018-10-24  优 48  117 21 50 13 36 0.65 30
2018-10-25  良 55  128 27 61 12 43 0.74 30
2018-10-26  优 35  29 13 33 8 18 0.48 47
2018-10-27  优 19  1 7 14 8 15 0.53 34
2018-10-28  优 18  1 8 17 8 18 0.52 28
2018-10-29  优 21  6 11 18 8 20 0.53 28
2018-10-30  优 27  25 16 25 11 25 0.57 26
2018-10-31  优 33  31 17 32 13 29 0.57 25
